1000,1,1
-2.161796
-1.381313
-3.452209
1.417449
-1.691290
-2.390151
-3.158466
1.269694
1.551853
-1.582627
-5.894338
-5.821531
-2.826515
-2.324686
-4.298184
0.195281
-3.355621
-4.058251
-0.789423
-5.096302
-3.860544
-0.509285
-3.282497
-0.932257
-0.163679
-4.007333
-2.878412
-2.573544
-3.908980
-1.912263
-3.141182
-5.448892
-2.220092
-3.762478
0.408848
-2.809967
0.974290
0.443637
-1.938764
2.353863
-1.858681
2.327681
-2.964471
2.273615
2.333617
-1.967677
2.753480
-3.458941
2.371838
-1.339048
0.353853
2.758551
-3.150053
-7.618781
-1.193200
-3.984061
-4.099065
-5.275605
-4.298608
-3.348084
-0.717381
-2.043357
-2.168690
-3.483109
-5.135267
-3.826900
0.099493
-3.667815
-3.455837
1.092896
-5.675715
1.204483
-2.989262
-2.045857
-2.880596
-3.844096
1.654163
-1.620868
-1.900943
1.603859
-4.116507
-5.337946
-1.758949
-1.079789
0.614554
-2.063055
-2.577071
-0.459100
1.628373
-4.307312
-1.060890
-2.585720
-5.877677
-3.262990
-3.739302
-8.224254
-4.167772
-4.769726
-5.690499
-4.042508
-5.515849
0.290493
-0.891492
-0.620193
2.525639
-2.379845
5.898253
-3.169579
0.255334
-3.432950
-3.522915
0.367258
3.871742
2.214473
1.507324
-4.507615
-4.078204
3.898093
-3.639789
-0.892446
-3.726593
-2.725279
-3.137271
-0.310688
-0.293743
-0.677745
1.206944
-5.578313
-1.697212
-3.231473
-2.652160
-4.207031
-2.818648
-1.208641
-3.929769
-5.333150
-4.519318
-4.199872
0.315336
-6.577103
-8.111359
-5.301085
-4.801900
-6.265390
-5.413602
-2.182030
-7.575268
-4.454052
-4.181251
-2.639261
2.656810
2.907245
-0.458408
-6.268641
-0.665112
-2.764344
-1.602860
-1.172063
0.662869
1.584695
-2.749541
-1.907094
-0.937446
2.017634
2.122811
1.522730
-2.006986
-5.216975
1.887665
-2.370983
-2.428417
2.461499
-0.272934
0.274033
3.150485
-4.719462
-2.801594
1.224966
2.200792
0.758784
2.390778
-3.955694
-1.618228
-0.800091
-0.263087
1.572307
2.024363
-1.050107
-1.168388
0.440375
-2.211821
0.274300
-2.057478
2.086816
-4.894151
5.834075
2.444957
2.078513
1.979906
2.500065
-0.688395
-0.907661
1.102183
0.299571
-4.915048
-0.626123
-2.885894
-3.657175
2.154553
-2.910500
0.250272
-0.603394
-3.085376
-1.296164
0.385674
-1.638596
-1.788701
-0.133240
-0.985064
1.543659
-1.563883
-2.900494
-1.900960
1.484874
4.451099
0.347863
-1.578949
4.037148
-5.352093
-0.752557
-0.852166
0.744783
1.709757
0.951785
2.057127
1.698637
-0.059464
3.168183
-1.888520
0.827924
0.774669
0.697132
3.764541
2.882908
-4.379797
4.645102
4.130045
0.708319
2.573196
0.475612
0.040264
2.220378
0.392572
2.932919
3.546350
-3.475827
-2.231262
-2.598475
-1.059451
-1.924831
-0.059188
-1.987610
2.285048
-0.129881
0.619148
-2.732975
-3.280704
-5.745155
3.631581
0.613078
0.078592
2.414167
3.387585
3.413530
0.250583
-2.676977
0.522984
0.813674
5.519584
0.148492
4.185485
13.964201
12.293765
3.448292
6.403220
13.371566
5.193086
8.399394
2.893986
2.917456
6.177873
2.389928
7.414014
0.031742
-2.176058
-2.036870
-4.046280
-1.076461
2.553002
1.518927
-6.046902
-1.853068
-6.763310
-1.620197
-2.981802
-3.475492
-1.196217
-5.430576
-3.870255
-0.741265
-6.135907
-0.147348
1.239814
-3.531660
-1.885563
-5.403706
-0.302035
-3.473973
-2.638211
-1.178709
-4.250172
-2.789767
-0.981682
-7.462302
-1.581616
-3.469922
-3.110180
0.429764
-1.601526
0.687867
3.618765
2.544416
2.063530
-0.812538
-1.793172
0.862806
-3.217294
2.298126
0.007831
-2.997391
5.412281
2.336876
1.561015
-0.943912
1.050424
0.472216
-2.618130
-2.170139
-0.990734
-1.209365
0.693174
-1.415259
0.045343
2.536282
-4.367063
-3.393713
0.434087
3.357368
-1.062489
0.565789
3.399750
1.231263
1.930120
5.180140
-3.440713
2.038701
0.464754
4.716182
-1.812242
1.385736
1.123628
-0.434058
0.908260
3.909731
-0.497993
-2.575204
-2.167331
0.329860
-2.239448
-0.979108
2.073649
-3.187245
-2.310469
0.080764
-0.990670
1.088822
-0.665498
-2.645931
-3.215046
0.371905
0.154987
0.814551
-2.231880
-1.007968
1.429120
-1.363011
-2.398523
-1.189548
0.099283
-0.016292
1.871498
0.086179
2.255336
-4.935421
-7.236789
-3.740815
0.295679
-3.753613
-4.562768
3.728223
-1.823105
-0.820998
7.059803
2.318930
0.876794
-0.220880
0.780579
1.440908
1.560048
5.160387
1.662678
0.110656
1.872267
0.277588
1.016212
1.648118
2.777988
2.905839
2.891729
4.032008
1.388799
-0.589646
-0.775890
-1.531583
3.995439
3.247412
-3.045749
-1.805068
1.773110
-0.616869
3.343711
1.444751
-0.719804
0.000907
-1.185778
0.600158
0.428046
1.906753
-0.183600
-4.060920
-3.768679
-1.537323
3.159306
2.652766
1.654228
2.721105
3.020924
6.397463
0.365528
3.518018
-1.049139
-0.269230
2.440062
5.946684
1.477312
-0.364116
-4.708980
3.307085
1.566610
4.276163
0.752305
0.261785
-0.514369
1.039037
1.087676
-0.714684
-1.366662
-1.769912
10.071330
0.387837
0.387034
3.395234
0.827614
1.213299
-4.223353
0.521556
-0.167249
1.433493
1.484977
2.312022
0.569221
2.303029
2.041446
0.447170
2.108590
-1.737681
0.741409
1.135764
0.719888
2.268481
-4.576931
2.745688
1.993792
1.002702
3.550044
-0.342634
3.556357
1.650796
5.113163
-0.144711
-3.173830
-5.814124
2.506983
0.359260
2.924189
1.894115
2.743467
-0.734573
1.577474
4.507270
0.507602
1.035573
3.069062
3.599716
-0.263622
-3.235634
1.572019
2.319085
1.511797
0.403669
0.258153
-3.177275
-0.836472
-3.943684
3.655636
-1.071042
-1.177416
-1.841738
-1.321947
7.982249
-3.113383
0.815982
3.218019
5.974947
-3.490388
1.478417
-1.880534
-7.128068
-2.221871
-0.594717
-2.754220
-1.934155
6.282722
3.171097
-8.598587
0.028285
2.547203
-0.082497
2.041807
0.637182
0.661269
-2.794767
0.198347
2.769180
-0.476968
-3.230865
0.577085
1.070999
0.465579
-3.002289
1.433407
-1.917792
3.612476
-3.885800
-2.411579
-5.367075
-5.150800
0.574034
-0.252901
2.008167
-0.494012
-2.166962
1.522837
1.990586
-3.967031
1.871011
-2.572039
4.957378
5.449938
1.861923
-2.432749
-0.081097
2.381814
4.021077
1.289065
-2.160841
4.315270
-1.322542
-2.151580
0.788875
3.118087
-1.722786
1.053732
2.270122
4.844182
3.557533
4.899698
3.111986
5.746364
-5.906442
0.428098
2.798939
-0.679713
-2.892566
1.534084
-0.627604
-0.136495
0.645679
3.162053
-0.201639
2.820346
1.270217
6.989235
1.761837
-0.572311
-7.367535
3.858734
-2.637369
-1.854264
1.142205
2.187840
-0.641718
-0.382280
3.470532
-1.205108
0.162616
1.455626
6.439093
1.453128
2.623035
-3.238835
1.647538
-2.186005
1.627438
2.366774
-1.197563
2.650658
2.615535
0.732914
-0.046252
-1.370511
-0.886261
2.050235
1.609147
-2.750816
0.192624
-3.492370
1.238160
-2.791028
2.926078
0.169495
-3.541816
-0.758824
-0.885617
1.427024
2.841687
2.271606
1.251744
-4.310551
0.796702
0.406923
-2.811751
-0.587253
6.709593
6.178982
1.049358
2.292697
5.188972
0.554033
0.722970
2.606197
4.517949
1.306094
0.792973
-0.554502
-7.480505
-1.645781
-3.822706
1.635340
-4.255400
-2.322109
-1.519964
0.849552
-1.534416
-4.756275
3.069138
1.879006
0.541797
-1.226046
1.201576
3.514924
1.432573
0.717405
1.515328
1.411407
-1.858760
-2.265981
3.427833
0.529859
-1.252828
1.950818
1.998235
1.326535
2.019409
0.718196
1.910107
1.015194
-5.698069
0.457391
3.091941
3.899735
1.431277
5.148341
1.118693
-2.886179
5.424132
-0.438622
-1.578260
8.084580
-2.167034
-0.711065
2.816694
0.360106
1.368778
-3.674163
-3.399216
4.671949
1.905470
0.531588
1.174795
3.665217
3.028188
4.722464
-0.176820
2.945765
-1.581757
-2.578583
5.705270
-1.302962
3.413614
2.138630
-2.036501
0.746209
6.666173
3.598549
-1.471593
0.235955
-3.053005
1.360337
1.815669
4.599387
5.057904
-0.148693
3.550653
5.242705
3.492872
-1.442194
1.115198
3.132163
6.388377
3.736384
-1.662632
1.490142
6.062227
1.669033
1.074172
-0.218573
-1.121920
6.075770
-1.561910
-4.841406
-2.351566
3.565791
3.909932
6.911735
-0.392075
2.655817
1.779302
1.172167
0.230354
1.007076
3.273770
0.855790
0.670951
3.542477
-1.749066
-0.671025
3.799454
1.842154
3.189670
-0.879806
-2.355844
-5.688756
-3.103588
1.661004
4.994431
2.686310
-5.804775
1.030692
3.105023
-0.824215
5.534430
-5.512992
1.808405
-7.043491
-0.949023
-0.992661
-4.943074
3.611751
0.710323
-5.163437
-2.773918
-2.393028
-0.399124
0.973673
-1.803464
-1.392870
1.858228
4.419128
-1.172383
3.069656
1.029721
-0.829110
-3.360704
1.856097
5.175868
3.187930
2.753973
1.461121
1.094085
6.233596
4.906593
1.793102
0.985285
-0.201002
8.286143
1.869627
-2.280438
-1.373794
0.889325
0.865316
2.627461
6.403780
1.042383
-0.273909
5.435255
-3.477797
0.349982
-0.455298
-2.296429
0.554485
3.193127
1.310826
1.111530
-1.942845
0.548376
-1.540021
-0.955331
2.953113
0.337097
0.194077
-2.950372
0.193737
1.861097
-5.833331
0.109629
5.562737
-0.010082
3.033186
4.786618
3.422180
2.529291
4.075574
3.366118
0.487096
2.484143
0.223985
-2.723844
-3.250322
3.016747
-2.357724
-2.985748
2.343094
0.301708
2.192832
-4.047772
3.841942
5.452028
4.081357
2.245739
1.308433
-0.003351
-0.383520
3.331566
5.744865
0.240975
-1.621472
2.931390
-4.303836
2.465687
2.956506
0.043874
2.792466
-3.353024
-5.115925
-3.621592
1.792590
2.503604
6.101390
-2.481811
-3.472022
4.429248
1.270651
-3.416490
0.320052
-4.861819
-3.995628
-2.979700
-0.870603
6.565455
-2.457790
0.654583
1.918478
-1.716051
-1.231030
-3.028642
3.076544
4.137259
1.369661
0.495269
-0.851495
-3.347778
3.457841
0.892961
-0.629465
1.941275
-2.623229
-0.722902
3.169223
1.163761
1.000083
1.426310
4.812095
0.776187
2.401020
1.830631
-1.032692
3.546464
4.385013
-4.106588
1.173020
0.879966
-3.630582
-2.215087
0.015576
-2.434983
3.217544
1.218005
4.653623
1.500174
-4.146365
4.266181
-5.928958
-3.172656
-7.559509
-2.988433
-4.446377
0.135597
2.751623
-5.145989
-2.794677
0.249380
-1.296342
-2.576528
0.461658
-1.636353
-1.795576
5.130841
2.908077
-0.437751
5.647153
-5.229157
-6.773625
-6.026159
-8.692174
-4.829805
-3.915624
-7.925028
4.008675
2.148485
