1280,1,1
0.148391
0.000518
0.334494
0.174622
0.016706
0.376857
0.165187
0.149625
0.014012
0.077998
0.000000
0.140200
0.769185
0.045279
0.969375
0.178303
0.421376
0.000000
0.624637
0.372765
0.098259
0.089934
0.000000
0.728487
0.102042
0.931224
0.130842
1.316695
0.024763
0.033430
0.909534
0.147029
0.171096
0.001162
0.847604
0.395365
0.001945
0.034832
0.203952
0.369522
0.067416
0.272411
0.043116
0.000000
0.349234
2.015199
0.000000
0.661177
0.222158
0.197455
0.064461
0.488034
0.100494
1.891763
0.000000
0.000000
0.022883
0.000000
0.000000
0.824341
0.597076
0.459611
0.135816
0.000000
0.378710
0.248746
1.707048
1.390743
0.624818
0.096837
0.207471
0.467183
0.098332
0.262077
0.000000
0.000000
0.430318
0.000000
3.492484
0.147911
0.000076
1.648310
0.199151
0.510004
0.050376
0.136088
0.000000
0.230755
1.066084
0.017654
0.030118
0.149985
0.036694
1.098707
0.277352
0.053581
0.012428
0.078315
0.000000
0.180649
0.195055
0.353021
0.000000
0.440104
0.000000
0.089096
0.418341
0.336480
0.947636
0.000000
0.059463
1.072615
0.242201
0.059371
0.104099
0.389553
0.093488
0.531832
0.040044
0.069102
0.144984
0.000000
3.847202
0.380419
0.707807
0.081317
1.069373
0.000000
0.357891
1.314933
0.234600
0.178513
0.468874
0.797675
0.573892
2.151241
0.063169
0.000000
0.124624
0.535100
0.705338
0.000385
0.096348
0.000000
0.022563
0.039373
0.042785
0.000000
0.166964
0.788222
0.192133
0.000000
0.101632
2.497921
0.068197
0.687160
0.238688
0.475879
0.207885
0.000000
0.073580
1.648053
0.064786
0.438038
0.203385
0.000000
0.548908
0.696779
0.552539
1.632490
0.000000
0.304514
0.073007
0.245977
0.091966
0.654656
0.337944
0.781134
0.000000
0.000109
0.948849
0.059524
0.320235
0.062567
0.027850
0.050596
0.136895
0.001042
0.239432
0.506928
0.803648
0.990855
0.000000
0.192096
0.404992
0.212966
0.211340
0.203586
0.651089
0.022699
0.000000
0.000000
0.615772
0.952627
0.000000
0.041114
0.154083
0.000000
0.621175
0.357741
0.651257
0.355759
0.172820
0.106220
0.000000
0.378404
0.085260
0.007383
0.010897
0.068434
0.000000
1.229889
0.000370
0.188348
0.290025
1.283746
0.141524
0.159013
0.582471
0.070601
0.502095
0.727449
0.443843
0.092419
0.027268
0.036705
0.455125
0.477352
1.904799
0.918400
0.000000
0.011649
0.761331
3.422487
0.307106
0.002278
0.301881
0.300602
0.021796
0.112349
0.222250
0.000000
0.000079
0.819941
0.262056
0.229698
0.896799
0.068404
0.000000
3.375176
0.417712
0.011230
0.192820
1.017770
0.333970
1.489455
0.390878
1.074135
0.153889
0.017900
0.407183
0.229132
0.308996
0.000000
1.457453
0.385042
0.346025
0.008390
0.000000
0.394857
0.651577
0.316586
1.597882
0.268241
0.150798
0.113166
0.000000
0.405263
0.066788
0.128918
1.250196
0.000000
0.179065
0.155714
0.000000
0.005643
0.001755
0.106646
0.004455
0.412267
0.001303
0.763737
0.968737
0.629668
1.051182
0.000000
0.612054
0.737734
0.000000
0.000000
0.144081
0.003826
0.566279
0.119907
1.052422
0.377561
0.001962
0.503047
0.098911
0.102926
0.056169
0.212943
0.588055
0.477637
0.255732
0.156848
0.767444
0.070456
0.559174
0.304953
0.576159
0.031694
0.731517
0.006556
0.000000
0.476926
0.173372
0.013405
0.236115
0.609257
0.192049
0.105761
0.046444
0.029318
0.003963
0.104331
0.524307
0.040028
0.815030
0.149843
0.462281
0.311876
0.000000
0.155973
0.000000
1.104395
0.202903
2.543754
1.132836
0.956857
0.181694
0.021659
0.025755
0.737685
0.086311
0.272900
0.308408
0.000000
0.007450
0.681407
0.000000
0.504974
0.060997
0.000000
0.232230
2.086683
0.401605
0.011620
0.370225
1.100377
0.657701
0.582249
0.147427
0.599032
0.000000
0.000000
0.244644
0.195080
0.126922
0.005241
0.039496
0.281068
0.000000
0.203765
0.156384
0.304172
0.205784
1.312358
0.081689
0.782470
0.091893
0.000000
0.186599
0.922299
0.306418
0.069790
0.364461
2.911131
0.650884
0.043145
0.025844
0.063721
0.377748
0.351791
0.000000
0.387762
0.560635
1.828123
0.479330
0.000000
0.454751
0.868782
0.000000
0.067629
0.062546
0.166972
0.145103
0.178683
0.041696
2.249804
0.107757
0.262488
0.172138
0.274554
0.552447
0.218609
0.254217
0.195085
0.432711
0.000000
0.202497
0.000000
0.127892
0.676329
0.008706
0.492911
1.436507
1.978662
0.034187
1.551239
0.007462
0.292609
0.130459
0.107184
0.000000
0.000000
0.892394
0.972084
0.678519
0.581360
0.000000
0.201213
1.386362
0.012128
0.136123
0.009164
0.000000
0.528679
0.095467
0.124095
0.045047
0.059572
0.782166
0.064541
0.000000
0.364600
0.024454
2.484881
0.624201
0.179625
0.180497
0.343690
1.585243
0.067963
1.018288
0.207939
0.189643
0.253106
0.078182
1.359439
0.859965
0.915526
0.189959
0.482447
0.004902
1.138516
0.000000
0.349107
0.047082
0.640611
0.724969
1.722092
0.006580
1.036863
0.522496
1.165284
1.110223
0.156706
0.235762
0.014882
0.061054
0.199830
1.365192
0.332920
0.018838
0.229704
0.000000
0.000590
0.000266
0.001658
1.845609
1.375577
0.056443
0.228702
0.740638
0.331190
0.520403
0.046722
0.264777
0.381030
0.150812
1.328181
0.145760
0.330308
0.199190
0.447392
0.915620
0.174941
0.315810
1.831384
1.756689
2.197216
0.156972
0.219599
0.864817
0.000000
0.000000
0.982719
0.055006
0.670108
0.478539
0.360243
0.370770
0.173001
0.462318
0.111243
0.116777
0.091398
0.316117
0.259858
0.000000
0.044660
0.020341
0.745376
0.337663
0.503009
0.212181
0.713995
0.823892
0.005656
0.040172
0.313253
0.020324
1.375500
0.044223
0.720064
0.504956
0.036152
1.687182
0.000000
0.287810
1.253956
0.310511
0.956752
0.000000
0.000000
1.122430
0.042137
0.156393
0.461072
0.452540
0.147037
0.845937
0.000000
0.000000
0.267156
0.005904
0.000000
0.456873
0.914274
0.295185
1.123702
0.092883
1.224675
1.103376
0.969053
0.324323
0.018828
0.209956
0.185419
0.149541
0.001881
0.180535
0.236890
1.161021
0.610108
1.535040
0.112733
0.000000
0.939930
0.107622
0.246026
0.007687
0.056899
0.489014
0.003945
1.026371
1.658593
0.150970
0.000000
0.291732
0.453367
0.030297
0.000000
0.009286
0.000000
0.000000
0.002486
0.000000
0.213868
0.301817
1.295187
0.116433
0.041554
0.000000
0.115870
0.381745
0.245980
0.078980
0.397078
0.321535
0.024710
0.008810
0.883709
0.024037
0.041669
0.025980
0.016691
0.473074
0.252273
0.831865
0.000000
0.152685
0.339463
0.000000
0.112809
0.101687
0.968322
0.480389
0.197343
0.628560
0.331030
0.000000
0.000000
0.000000
0.146502
1.170670
0.269184
0.905292
0.000000
0.000000
1.076239
0.000701
0.462001
0.951096
0.000000
0.606856
0.398779
0.312146
0.173306
0.007183
1.783375
0.368223
0.202865
0.039738
0.000161
0.016971
2.735186
1.409758
0.577628
0.374250
0.301135
0.135915
1.516501
0.846571
0.011522
0.085817
0.000000
0.063934
0.000000
0.582762
0.297531
1.401960
0.000000
0.134923
0.117984
0.545699
0.036352
2.041026
0.000000
0.588389
0.015310
0.087057
0.000000
0.051682
0.622421
0.270834
0.068926
0.000000
0.000000
0.283101
0.663264
0.000000
0.162895
0.484879
0.056301
0.000000
0.179827
1.263745
0.222933
0.620174
0.000383
0.522854
0.031423
0.009518
0.028451
0.073486
0.383989
1.926508
0.155165
0.434543
0.285278
0.026807
0.020313
0.079274
0.027904
0.081422
0.385599
0.001532
0.314448
0.640003
2.738106
0.463900
0.163701
0.545162
0.046273
0.022642
0.040250
0.000000
0.000412
0.000000
0.300892
0.876993
0.203068
0.692171
0.352949
0.533795
1.805830
0.000000
0.229034
0.000000
1.401817
0.000000
0.486075
0.005964
1.079175
0.066365
0.106401
2.182266
0.413872
0.364028
0.445493
0.302020
0.000000
0.009685
0.020224
0.088242
0.553427
0.305073
0.216713
1.515163
0.972310
0.213579
1.440153
0.000900
2.694906
0.463906
0.581007
0.203523
0.005714
0.037193
0.530923
0.003667
0.667437
0.063304
0.996786
0.025094
0.185086
0.420047
0.000000
0.462068
0.065391
0.066039
0.072617
0.195403
1.592149
0.189109
0.522224
0.179101
0.778027
1.180620
0.008742
0.343107
1.575299
0.150716
0.000000
0.546319
0.144814
0.136541
0.400047
0.392668
0.717264
0.302778
0.214667
0.197487
0.643985
0.000000
0.011110
0.326909
0.330434
0.346222
0.014344
0.006618
0.066773
0.265798
0.149979
0.257465
0.164256
0.075331
0.127198
1.093635
0.127390
0.000000
0.117822
0.128655
0.196023
0.068344
0.106964
0.548798
1.651524
1.348990
0.050057
0.532992
0.542468
1.430299
0.046022
0.901110
0.161041
0.713458
0.104552
0.207250
0.156532
0.129832
0.288940
0.112470
0.068920
0.046589
1.154232
0.616258
1.241757
0.218831
0.410227
0.318338
0.543328
0.056224
2.139028
0.040554
0.334770
0.269002
0.030816
0.000000
0.399862
0.006100
0.000000
0.259312
0.180324
0.000000
0.344669
1.276214
0.000000
0.000000
1.636314
0.000000
0.000000
0.000000
1.172808
0.366780
0.971040
1.136937
0.473250
1.124417
0.018652
0.219666
0.398372
0.238140
0.340484
0.052702
2.288722
0.423756
0.723713
0.233262
0.094860
0.150617
0.000000
0.345440
0.000000
0.168273
0.008268
0.000000
0.062607
0.447773
0.116126
0.161440
0.446243
0.177361
0.430805
0.105008
0.000000
0.000000
1.255845
2.307476
0.484418
0.624955
0.527150
0.488015
0.455105
0.364223
0.342015
0.189377
0.131440
1.794252
0.024127
1.171689
0.000000
0.347776
0.143120
0.000000
0.000000
0.038912
1.434642
0.161990
0.272083
0.142193
1.262486
1.223553
0.311920
1.249984
1.656678
0.803445
0.029872
0.030573
0.154503
0.000000
0.000000
0.000000
0.000000
0.038348
0.208087
1.243734
0.348578
0.000000
0.014499
0.389884
0.320646
0.285013
0.043529
0.000000
0.368029
0.302800
0.163165
0.003019
0.131005
0.009380
0.361306
0.000000
0.083761
0.000000
0.338118
0.323859
0.842320
0.053810
0.500797
0.049687
0.043985
0.000000
0.044570
0.493577
0.000000
0.018356
0.000000
0.343208
0.027983
0.000000
0.424506
0.000952
0.000000
0.052370
0.661204
0.113722
0.342290
0.055276
0.000000
0.039423
2.112389
0.000000
0.060802
0.000000
0.246740
0.424828
0.200119
0.660313
0.561970
0.342157
0.000000
0.608516
0.000000
0.083027
0.000000
0.000000
0.201113
0.029088
0.146893
0.095859
0.000000
0.064659
0.413894
0.101906
1.350295
0.347525
0.424625
0.425681
0.630430
0.000000
0.037054
0.442360
0.530183
0.039611
0.064282
0.444597
0.522003
0.085689
0.000000
0.162693
0.050744
0.000000
0.035521
0.337557
0.160193
0.000000
0.047980
0.491955
1.495518
0.674162
0.000000
0.336282
0.000000
0.013710
0.168754
0.154896
0.002717
1.712586
0.664861
0.063795
0.054341
1.695716
0.521613
0.239089
0.000332
0.186378
0.386653
0.213567
0.000000
0.005730
0.000000
0.000000
0.039884
1.175584
0.342364
0.585866
0.048708
0.000000
0.642928
0.376640
0.465601
0.057081
2.308636
0.414170
0.602451
0.097626
0.000000
0.000000
0.336133
1.065987
2.114820
0.358115
0.120814
1.107316
0.000000
1.384794
0.022164
0.696313
0.085581
0.355861
0.348398
0.065124
0.610541
0.974989
0.088710
0.915493
1.278937
0.947408
0.000000
0.275894
0.079854
0.415074
0.466632
0.008367
0.360300
0.149308
2.248869
0.030349
0.074235
1.074656
1.104955
0.206665
2.495413
0.132638
1.130411
0.310529
0.269838
0.506120
0.000000
0.027452
0.004870
0.739973
0.619771
0.440686
1.004860
0.450388
0.155934
1.491374
0.356845
0.738792
0.786118
0.801806
0.305980
0.406728
0.228268
0.455308
0.018699
0.013905
0.733173
0.134003
0.025904
0.100158
0.337888
0.665317
0.238984
0.182435
0.540360
1.603979
0.303884
0.552260
0.673271
0.000000
0.030993
0.357891
0.939370
0.685584
0.356201
0.000000
0.250198
0.000000
0.937640
0.022358
0.159681
0.203479
0.110448
0.419634
0.616892
0.281689
0.000000
0.896346
0.599323
0.000000
0.060842
0.014434
0.628740
0.000000
0.000000
0.000000
0.035527
0.045720
0.009988
0.430419
0.098710
0.524965
0.007534
0.000000
0.000000
0.284627
0.044066
0.145125
0.013532
0.111896
0.000000
0.351876
0.426696
0.001127
0.220229
0.019261
0.414205
0.000000
1.165735
0.561983
0.771847
0.008379
0.915384
0.050910
1.171309
0.664550
0.044782
0.212018
0.420746
0.068492
1.014693
1.179155
0.130147
0.171006
0.000000
0.001895
0.895670
0.238243
0.000000
1.088252
0.016791
0.209796
0.557949
0.349134
0.000000
0.191938
0.000546
0.336405
0.090854
0.443038
1.301358
0.154103
0.460167
2.685358
0.209734
